APs:
0.02083333395421505,
 1.0,
 0.4000000059604645,
 0.36723601498774117,
 0.05000000074505806,
 0.0,
 0.08163265671048846,
 0.23697916666666666,
 0.02083333395421505,
 0.23697916666666666,
 0.333333338300387,
 1.0,
 1.0,
 0.1

Prec:
0.20208333333333334,
 0.6666666666666666,
 0.6944444444444443,
 0.7553669240975742,
 0.20208333333333334,
 0.0,
 0.25396825396825395,
 0.6717171717171717,
 0.20208333333333334,
 0.6717171717171717,
 0.6047619047619047,
 0.6666666666666666,
 0.6666666666666666,
 0.3173881673881674

Recall:
0.15625000093132257,
 0.6666666666666666,
 0.4000000034769376,
 0.29748283424659777,
 0.2000000011175871,
 0.14285714285714285,
 0.190476194024086,
 0.25,
 0.15625000093132257,
 0.25,
 0.3714285748345511,
 0.6666666666666666,
 0.6666666666666666,
 0.2159090909090909